[
    {
        "position": [
            0.04721548408269882,
            0.05226384103298187,
            0.6071653962135315
        ],
        "orientation": [
            [
                0.9087438922933446,
                0.41577079829240976,
                0.03632053836102149
            ],
            [
                -0.4173542119345894,
                0.9052961794509732,
                0.07908406446262807
            ],
            [
                0.0,
                0.08702569022285055,
                -0.9962060676593153
            ]
        ]
    },
    {
        "position": [
            0.04745926682775204,
            0.05279465173113373,
            0.6004788805182331
        ],
        "orientation": [
            [
                0.9087438922933446,
                0.41577079829240976,
                0.03632053836102149
            ],
            [
                -0.4173542119345894,
                0.9052961794509732,
                0.07908406446262807
            ],
            [
                0.0,
                0.08702569022285055,
                -0.9962060676593153
            ]
        ]
    },
    {
        "position": [
            0.04770304957280526,
            0.05332546242928558,
            0.5937923648229346
        ],
        "orientation": [
            [
                0.9087438922933446,
                0.41577079829240976,
                0.03632053836102149
            ],
            [
                -0.4173542119345894,
                0.9052961794509732,
                0.07908406446262807
            ],
            [
                0.0,
                0.08702569022285055,
                -0.9962060676593153
            ]
        ]
    },
    {
        "position": [
            0.047959021455111134,
            0.053882813662345035,
            0.5867715233428713
        ],
        "orientation": [
            [
                0.9087438922933446,
                0.41577079829240976,
                0.03632053836102149
            ],
            [
                -0.4173542119345894,
                0.9052961794509732,
                0.07908406446262807
            ],
            [
                0.0,
                0.08702569022285055,
                -0.9962060676593153
            ]
        ]
    },
    {
        "position": [
            0.048202804200164345,
            0.05441362436049688,
            0.5800850076475729
        ],
        "orientation": [
            [
                0.9087438922933446,
                0.41577079829240976,
                0.03632053836102149
            ],
            [
                -0.4173542119345894,
                0.9052961794509732,
                0.07908406446262807
            ],
            [
                0.0,
                0.08702569022285055,
                -0.9962060676593153
            ]
        ]
    },
    {
        "position": [
            0.04844658694521757,
            0.05494443505864874,
            0.5733984919522744
        ],
        "orientation": [
            [
                0.9087438922933446,
                0.41577079829240976,
                0.03632053836102149
            ],
            [
                -0.4173542119345894,
                0.9052961794509732,
                0.07908406446262807
            ],
            [
                0.0,
                0.08702569022285055,
                -0.9962060676593153
            ]
        ]
    },
    {
        "position": [
            0.048702558827523446,
            0.05550178629170818,
            0.566377650472211
        ],
        "orientation": [
            [
                0.9087438922933446,
                0.41577079829240976,
                0.03632053836102149
            ],
            [
                -0.4173542119345894,
                0.9052961794509732,
                0.07908406446262807
            ],
            [
                0.0,
                0.08702569022285055,
                -0.9962060676593153
            ]
        ]
    },
    {
        "position": [
            0.04894634157257666,
            0.056032596989860045,
            0.5596911347769127
        ],
        "orientation": [
            [
                0.9087438922933446,
                0.41577079829240976,
                0.03632053836102149
            ],
            [
                -0.4173542119345894,
                0.9052961794509732,
                0.07908406446262807
            ],
            [
                0.0,
                0.08702569022285055,
                -0.9962060676593153
            ]
        ]
    },
    {
        "position": [
            0.049202313454882546,
            0.05658994822291949,
            0.5526702932968494
        ],
        "orientation": [
            [
                0.9087438922933446,
                0.41577079829240976,
                0.03632053836102149
            ],
            [
                -0.4173542119345894,
                0.9052961794509732,
                0.07908406446262807
            ],
            [
                0.0,
                0.08702569022285055,
                -0.9962060676593153
            ]
        ]
    },
    {
        "position": [
            0.04944609619993576,
            0.057120758921071345,
            0.5459837776015509
        ],
        "orientation": [
            [
                0.9087438922933446,
                0.41577079829240976,
                0.03632053836102149
            ],
            [
                -0.4173542119345894,
                0.9052961794509732,
                0.07908406446262807
            ],
            [
                0.0,
                0.08702569022285055,
                -0.9962060676593153
            ]
        ]
    },
    {
        "position": [
            0.049689878944988976,
            0.0576515696192232,
            0.5392972619062525
        ],
        "orientation": [
            [
                0.9087438922933446,
                0.41577079829240976,
                0.03632053836102149
            ],
            [
                -0.4173542119345894,
                0.9052961794509732,
                0.07908406446262807
            ],
            [
                0.0,
                0.08702569022285055,
                -0.9962060676593153
            ]
        ]
    },
    {
        "position": [
            0.04994585082729485,
            0.058208920852282645,
            0.5322764204261891
        ],
        "orientation": [
            [
                0.9087438922933446,
                0.41577079829240976,
                0.03632053836102149
            ],
            [
                -0.4173542119345894,
                0.9052961794509732,
                0.07908406446262807
            ],
            [
                0.0,
                0.08702569022285055,
                -0.9962060676593153
            ]
        ]
    },
    {
        "position": [
            0.05018963357234807,
            0.0587397315504345,
            0.5255899047308906
        ],
        "orientation": [
            [
                0.9087438922933446,
                0.41577079829240976,
                0.03632053836102149
            ],
            [
                -0.4173542119345894,
                0.9052961794509732,
                0.07908406446262807
            ],
            [
                0.0,
                0.08702569022285055,
                -0.9962060676593153
            ]
        ]
    },
    {
        "position": [
            0.05044560545465395,
            0.05929708278349395,
            0.5185690632508273
        ],
        "orientation": [
            [
                0.9087438922933446,
                0.41577079829240976,
                0.03632053836102149
            ],
            [
                -0.4173542119345894,
                0.9052961794509732,
                0.07908406446262807
            ],
            [
                0.0,
                0.08702569022285055,
                -0.9962060676593153
            ]
        ]
    },
    {
        "position": [
            0.05068938819970717,
            0.0598278934816458,
            0.5118825475555289
        ],
        "orientation": [
            [
                0.9087438922933446,
                0.41577079829240976,
                0.03632053836102149
            ],
            [
                -0.4173542119345894,
                0.9052961794509732,
                0.07908406446262807
            ],
            [
                0.0,
                0.08702569022285055,
                -0.9962060676593153
            ]
        ]
    },
    {
        "position": [
            0.05093317094476038,
            0.060358704179797655,
            0.5051960318602305
        ],
        "orientation": [
            [
                0.9087438922933446,
                0.41577079829240976,
                0.03632053836102149
            ],
            [
                -0.4173542119345894,
                0.9052961794509732,
                0.07908406446262807
            ],
            [
                0.0,
                0.08702569022285055,
                -0.9962060676593153
            ]
        ]
    },
    {
        "position": [
            0.051189142827066256,
            0.060916055412857106,
            0.49817519038016717
        ],
        "orientation": [
            [
                0.9087438922933446,
                0.41577079829240976,
                0.03632053836102149
            ],
            [
                -0.4173542119345894,
                0.9052961794509732,
                0.07908406446262807
            ],
            [
                0.0,
                0.08702569022285055,
                -0.9962060676593153
            ]
        ]
    },
    {
        "position": [
            0.05143292557211948,
            0.06144686611100897,
            0.49148867468486873
        ],
        "orientation": [
            [
                0.9087438922933446,
                0.41577079829240976,
                0.03632053836102149
            ],
            [
                -0.4173542119345894,
                0.9052961794509732,
                0.07908406446262807
            ],
            [
                0.0,
                0.08702569022285055,
                -0.9962060676593153
            ]
        ]
    },
    {
        "position": [
            0.05167670831717269,
            0.06197767680916082,
            0.48480215898957035
        ],
        "orientation": [
            [
                0.9087438922933446,
                0.41577079829240976,
                0.03632053836102149
            ],
            [
                -0.4173542119345894,
                0.9052961794509732,
                0.07908406446262807
            ],
            [
                0.0,
                0.08702569022285055,
                -0.9962060676593153
            ]
        ]
    },
    {
        "position": [
            0.05193268019947857,
            0.06253502804222026,
            0.4777813175095069
        ],
        "orientation": [
            [
                0.9087438922933446,
                0.41577079829240976,
                0.03632053836102149
            ],
            [
                -0.4173542119345894,
                0.9052961794509732,
                0.07908406446262807
            ],
            [
                0.0,
                0.08702569022285055,
                -0.9962060676593153
            ]
        ]
    },
    {
        "position": [
            0.052176462944531786,
            0.06306583874037211,
            0.4710948018142085
        ],
        "orientation": [
            [
                0.9087438922933446,
                0.41577079829240976,
                0.03632053836102149
            ],
            [
                -0.4173542119345894,
                0.9052961794509732,
                0.07908406446262807
            ],
            [
                0.0,
                0.08702569022285055,
                -0.9962060676593153
            ]
        ]
    },
    {
        "position": [
            0.05243243482683767,
            0.06362318997343157,
            0.46407396033414516
        ],
        "orientation": [
            [
                0.9087438922933446,
                0.41577079829240976,
                0.03632053836102149
            ],
            [
                -0.4173542119345894,
                0.9052961794509732,
                0.07908406446262807
            ],
            [
                0.0,
                0.08702569022285055,
                -0.9962060676593153
            ]
        ]
    },
    {
        "position": [
            0.05267621757189088,
            0.06415400067158342,
            0.4573874446388468
        ],
        "orientation": [
            [
                0.9087438922933446,
                0.41577079829240976,
                0.03632053836102149
            ],
            [
                -0.4173542119345894,
                0.9052961794509732,
                0.07908406446262807
            ],
            [
                0.0,
                0.08702569022285055,
                -0.9962060676593153
            ]
        ]
    },
    {
        "position": [
            0.052920000316944105,
            0.06468481136973528,
            0.45070092894354835
        ],
        "orientation": [
            [
                0.9087438922933446,
                0.41577079829240976,
                0.03632053836102149
            ],
            [
                -0.4173542119345894,
                0.9052961794509732,
                0.07908406446262807
            ],
            [
                0.0,
                0.08702569022285055,
                -0.9962060676593153
            ]
        ]
    },
    {
        "position": [
            0.05317597219924998,
            0.06524216260279472,
            0.44368008746348503
        ],
        "orientation": [
            [
                0.9087438922933446,
                0.41577079829240976,
                0.03632053836102149
            ],
            [
                -0.4173542119345894,
                0.9052961794509732,
                0.07908406446262807
            ],
            [
                0.0,
                0.08702569022285055,
                -0.9962060676593153
            ]
        ]
    },
    {
        "position": [
            0.05341975494430319,
            0.06577297330094657,
            0.4369935717681866
        ],
        "orientation": [
            [
                0.9087438922933446,
                0.41577079829240976,
                0.03632053836102149
            ],
            [
                -0.4173542119345894,
                0.9052961794509732,
                0.07908406446262807
            ],
            [
                0.0,
                0.08702569022285055,
                -0.9962060676593153
            ]
        ]
    },
    {
        "position": [
            0.05367572682660907,
            0.06633032453400603,
            0.4299727302881232
        ],
        "orientation": [
            [
                0.9087438922933446,
                0.41577079829240976,
                0.03632053836102149
            ],
            [
                -0.4173542119345894,
                0.9052961794509732,
                0.07908406446262807
            ],
            [
                0.0,
                0.08702569022285055,
                -0.9962060676593153
            ]
        ]
    },
    {
        "position": [
            0.05391950957166229,
            0.06686113523215788,
            0.4232862145928248
        ],
        "orientation": [
            [
                0.9087438922933446,
                0.41577079829240976,
                0.03632053836102149
            ],
            [
                -0.4173542119345894,
                0.9052961794509732,
                0.07908406446262807
            ],
            [
                0.0,
                0.08702569022285055,
                -0.9962060676593153
            ]
        ]
    },
    {
        "position": [
            0.0541632923167155,
            0.06739194593030973,
            0.41659969889752635
        ],
        "orientation": [
            [
                0.9087438922933446,
                0.41577079829240976,
                0.03632053836102149
            ],
            [
                -0.4173542119345894,
                0.9052961794509732,
                0.07908406446262807
            ],
            [
                0.0,
                0.08702569022285055,
                -0.9962060676593153
            ]
        ]
    },
    {
        "position": [
            0.054419264199021385,
            0.06794929716336917,
            0.409578857417463
        ],
        "orientation": [
            [
                0.9087438922933446,
                0.41577079829240976,
                0.03632053836102149
            ],
            [
                -0.4173542119345894,
                0.9052961794509732,
                0.07908406446262807
            ],
            [
                0.0,
                0.08702569022285055,
                -0.9962060676593153
            ]
        ]
    },
    {
        "position": [
            0.0546630469440746,
            0.06848010786152103,
            0.4028923417221646
        ],
        "orientation": [
            [
                0.9087438922933446,
                0.41577079829240976,
                0.03632053836102149
            ],
            [
                -0.4173542119345894,
                0.9052961794509732,
                0.07908406446262807
            ],
            [
                0.0,
                0.08702569022285055,
                -0.9962060676593153
            ]
        ]
    },
    {
        "position": [
            0.05491901882638048,
            0.06903745909458048,
            0.39587150024210127
        ],
        "orientation": [
            [
                0.9087438922933446,
                0.41577079829240976,
                0.03632053836102149
            ],
            [
                -0.4173542119345894,
                0.9052961794509732,
                0.07908406446262807
            ],
            [
                0.0,
                0.08702569022285055,
                -0.9962060676593153
            ]
        ]
    },
    {
        "position": [
            0.055162801571433696,
            0.06956826979273234,
            0.38918498454680284
        ],
        "orientation": [
            [
                0.9087438922933446,
                0.41577079829240976,
                0.03632053836102149
            ],
            [
                -0.4173542119345894,
                0.9052961794509732,
                0.07908406446262807
            ],
            [
                0.0,
                0.08702569022285055,
                -0.9962060676593153
            ]
        ]
    },
    {
        "position": [
            0.055406584316486915,
            0.07009908049088419,
            0.3824984688515044
        ],
        "orientation": [
            [
                0.9087438922933446,
                0.41577079829240976,
                0.03632053836102149
            ],
            [
                -0.4173542119345894,
                0.9052961794509732,
                0.07908406446262807
            ],
            [
                0.0,
                0.08702569022285055,
                -0.9962060676593153
            ]
        ]
    },
    {
        "position": [
            0.05566255619879279,
            0.07065643172394365,
            0.375477627371441
        ],
        "orientation": [
            [
                0.9087438922933446,
                0.41577079829240976,
                0.03632053836102149
            ],
            [
                -0.4173542119345894,
                0.9052961794509732,
                0.07908406446262807
            ],
            [
                0.0,
                0.08702569022285055,
                -0.9962060676593153
            ]
        ]
    },
    {
        "position": [
            0.05590633894384601,
            0.0711872424220955,
            0.36879111167614265
        ],
        "orientation": [
            [
                0.9087438922933446,
                0.41577079829240976,
                0.03632053836102149
            ],
            [
                -0.4173542119345894,
                0.9052961794509732,
                0.07908406446262807
            ],
            [
                0.0,
                0.08702569022285055,
                -0.9962060676593153
            ]
        ]
    },
    {
        "position": [
            0.05615012168889923,
            0.07171805312024734,
            0.3621045959808442
        ],
        "orientation": [
            [
                0.9087438922933446,
                0.41577079829240976,
                0.03632053836102149
            ],
            [
                -0.4173542119345894,
                0.9052961794509732,
                0.07908406446262807
            ],
            [
                0.0,
                0.08702569022285055,
                -0.9962060676593153
            ]
        ]
    },
    {
        "position": [
            0.05640609357120511,
            0.0722754043533068,
            0.3550837545007809
        ],
        "orientation": [
            [
                0.9087438922933446,
                0.41577079829240976,
                0.03632053836102149
            ],
            [
                -0.4173542119345894,
                0.9052961794509732,
                0.07908406446262807
            ],
            [
                0.0,
                0.08702569022285055,
                -0.9962060676593153
            ]
        ]
    },
    {
        "position": [
            0.05664987631625832,
            0.07280621505145865,
            0.34839723880548246
        ],
        "orientation": [
            [
                0.9087438922933446,
                0.41577079829240976,
                0.03632053836102149
            ],
            [
                -0.4173542119345894,
                0.9052961794509732,
                0.07908406446262807
            ],
            [
                0.0,
                0.08702569022285055,
                -0.9962060676593153
            ]
        ]
    },
    {
        "position": [
            0.0569058481985642,
            0.0733635662845181,
            0.34137639732541913
        ],
        "orientation": [
            [
                0.9087438922933446,
                0.41577079829240976,
                0.03632053836102149
            ],
            [
                -0.4173542119345894,
                0.9052961794509732,
                0.07908406446262807
            ],
            [
                0.0,
                0.08702569022285055,
                -0.9962060676593153
            ]
        ]
    },
    {
        "position": [
            0.05714963094361741,
            0.07389437698266996,
            0.3346898816301206
        ],
        "orientation": [
            [
                0.9087438922933446,
                0.41577079829240976,
                0.03632053836102149
            ],
            [
                -0.4173542119345894,
                0.9052961794509732,
                0.07908406446262807
            ],
            [
                0.0,
                0.08702569022285055,
                -0.9962060676593153
            ]
        ]
    },
    {
        "position": [
            0.05739341368867063,
            0.0744251876808218,
            0.3280033659348222
        ],
        "orientation": [
            [
                0.9087438922933446,
                0.41577079829240976,
                0.03632053836102149
            ],
            [
                -0.4173542119345894,
                0.9052961794509732,
                0.07908406446262807
            ],
            [
                0.0,
                0.08702569022285055,
                -0.9962060676593153
            ]
        ]
    },
    {
        "position": [
            0.057649385570976514,
            0.07498253891388125,
            0.3209825244547589
        ],
        "orientation": [
            [
                0.9087438922933446,
                0.41577079829240976,
                0.03632053836102149
            ],
            [
                -0.4173542119345894,
                0.9052961794509732,
                0.07908406446262807
            ],
            [
                0.0,
                0.08702569022285055,
                -0.9962060676593153
            ]
        ]
    },
    {
        "position": [
            0.05789316831602973,
            0.07551334961203311,
            0.31429600875946045
        ],
        "orientation": [
            [
                0.9087438922933446,
                0.41577079829240976,
                0.03632053836102149
            ],
            [
                -0.4173542119345894,
                0.9052961794509732,
                0.07908406446262807
            ],
            [
                0.0,
                0.08702569022285055,
                -0.9962060676593153
            ]
        ]
    },
    {
        "position": [
            0.05814914019833561,
            0.07607070084509256,
            0.30727516727939713
        ],
        "orientation": [
            [
                0.9087438922933446,
                0.41577079829240976,
                0.03632053836102149
            ],
            [
                -0.4173542119345894,
                0.9052961794509732,
                0.07908406446262807
            ],
            [
                0.0,
                0.08702569022285055,
                -0.9962060676593153
            ]
        ]
    },
    {
        "position": [
            0.05839292294338882,
            0.0766015115432444,
            0.3005886515840987
        ],
        "orientation": [
            [
                0.9087438922933446,
                0.41577079829240976,
                0.03632053836102149
            ],
            [
                -0.4173542119345894,
                0.9052961794509732,
                0.07908406446262807
            ],
            [
                0.0,
                0.08702569022285055,
                -0.9962060676593153
            ]
        ]
    },
    {
        "position": [
            0.058636705688442044,
            0.07713232224139627,
            0.29390213588880026
        ],
        "orientation": [
            [
                0.9087438922933446,
                0.41577079829240976,
                0.03632053836102149
            ],
            [
                -0.4173542119345894,
                0.9052961794509732,
                0.07908406446262807
            ],
            [
                0.0,
                0.08702569022285055,
                -0.9962060676593153
            ]
        ]
    },
    {
        "position": [
            0.05889267757074791,
            0.07768967347445571,
            0.2868812944087369
        ],
        "orientation": [
            [
                0.9087438922933446,
                0.41577079829240976,
                0.03632053836102149
            ],
            [
                -0.4173542119345894,
                0.9052961794509732,
                0.07908406446262807
            ],
            [
                0.0,
                0.08702569022285055,
                -0.9962060676593153
            ]
        ]
    },
    {
        "position": [
            0.05913646031580114,
            0.07822048417260757,
            0.2801947787134385
        ],
        "orientation": [
            [
                0.9087438922933446,
                0.41577079829240976,
                0.03632053836102149
            ],
            [
                -0.4173542119345894,
                0.9052961794509732,
                0.07908406446262807
            ],
            [
                0.0,
                0.08702569022285055,
                -0.9962060676593153
            ]
        ]
    },
    {
        "position": [
            0.05939243219810701,
            0.07877783540566702,
            0.27317393723337513
        ],
        "orientation": [
            [
                0.9087438922933446,
                0.41577079829240976,
                0.03632053836102149
            ],
            [
                -0.4173542119345894,
                0.9052961794509732,
                0.07908406446262807
            ],
            [
                0.0,
                0.08702569022285055,
                -0.9962060676593153
            ]
        ]
    }
]